120
120
120
120
120
120
120
120
120
120
120
120
120
120
120
120
120
120
120
120
120
120
120
120
120
120
120
120
120
120
120
120
120
124
127
123
122
126
121
128
125
119
124
118
119
113
103
117
114
112
115
106
111
114
114
116
125
114
110
125
125
109
125
125
105
98
125
125
104
125
101
108
125
114
107
125
99
125
100
125
114
96
125
106
106
125
94
91
114
95
92
102
114
119
114
95
125
89
125
104
105
114
104
125
125
128
114
110
122
125
102
119
88
125
97
119
119
121
125
125
93
128
125
125
82
125
114
122
125
90
114
104
125
125
125
122
91
119
86
122
119
125
125
104
119
87
115
95
115
119
105
119
84
76
85
83
91
82
125
122
80
128
119
105
114
128
81
119
90
91
116
105
122
81
88
104
116
104
121
87
114
84
89
73
122
116
116
114
116
105
79
114
111
102
114
100
114
122
81
122
116
102
81
116
114
111
121
74
116
77
75
122
122
91
119
71
78
105
100
95
119
116
122
116
116
104
119
104
70
115
119
122
122
69
72
91
116
106
122
116
122
112
114
119
62
102
91
93
116
114
116
122
116
89
114
112
69
128
91
102
80
116
119
104
102
116
114
67
116
105
99
116
116
100
116
100
116
116
104
119
116
122
62
70
122
116
96
68
122
119
116
116
66
88
116
91
104
116
122
114
114
117
114
91
122
64
100
108
91
122
119
116
119
122
122
91
61
115
91
95
122
104
91
91
91
122
119
95
100
91
114
122
91
119
91
65
114
119
91
91
91
91
122
119
128
91
114
90
81
81
81
110
110
110
110
110
110
110
110
81
81
81
81
110
81
81
81
81
81
81
81
81
81
81
110
81
81
110
81
81
81
81
110
110
110
110
110
110
110
110
105
110
110
110
110
110
110
110
110
81
81
81
110
110
110
81
110
59
58
60
56
59
47
59
57
63
81
81
52
55
59
43
54
53
51
44
56
55
55
50
48
55
59
59
40
42
45
41
59
52
55
49
46
38
36
39
59
60
37
34
31
48
59
59
59
55
35
55
59
41
56
38
32
48
59
46
59
38
59
59
55
23
48
30
38
33
41
58
34
59
26
52
28
52
59
59
56
54
20
59
59
31
59
43
29
26
56
48
54
21
55
26
46
59
55
33
55
26
10
24
59
40
59
27
59
52
49
22
55
35
58
56
26
56
60
39
59
48
50
49
33
49
19
59
59
59
18
50
48
13
59
18
52
16
14
59
38
57
13
39
44
25
55
26
59
39
48
11
48
24
52
54
54
14
52
54
40
55
26
52
52
15
54
28
15
31
23
54
54
17
44
40
4
34
15
55
26
52
55
55
26
20
42
52
55
48
54
49
54
40
54
26
52
52
34
9
26
48
40
54
52
52
52
56
54
26
54
48
52
12
56
54
45
34
46
48
15
56
40
54
57
8
54
42
26
54
41
47
48
52
44
40
52
1
26
56
52
60
2
52
54
15
55
50
17
48
56
14
52
52
57
54
6
46
15
40
52
54
54
50
54
54
34
15
48
48
26
52
26
15
19
54
54
49
54
52
5
52
5
7
26
52
3
52
20
54
40
52
44
31
52
55
34
50
46
54
52
26
54
40
105
50
48
26
56
26
54
26
34
123
44
26
56
40
39
127
7
55
54
101
23
55
50
50
53
48
39
57
49
11
49
39
39
26
48
48
48
55
118
126
53
113
18
101
5
101
109
39
101
55
35
56
97
26
39
26
39
55
55
58
26
39
55
101
39
39
101
101
26
39
40
44
56
14
38
50
40
60
101
55
56
101
48
35
56
55
56
48
101
40
34
26
55
15
40
34
40
41
38
39
55
35
5
41
57
101
39
39
40
34
101
39
39
41
48
39
39
101
44
50
39
38
107
38
48
40
26
101
101
7
31
56
44
40
40
39
35
101
48
34
50
101
56
101
49
101
39
34
44
55
40
101
101
101
34
38
39
38
26
1
49
21
94
14
39
101
101
101
38
101
7
98
26
40
101
101
40
53
39
46
38
101
56
101
40
39
57
58
56
38
38
31
39
26
56
15
101
57
40
38
34
37
38
40
48
43
92
39
38
35
18
50
50
39
38
39
15
18
12
44
50
35
40
47
38
58
14
26
34
44
55
86
47
47
58
38
113
15
38
47
40
14
103
58
34
48
47
47
56
50
56
38
41
58
44
38
47
50
48
47
113
58
14
40
47
43
40
47
50
34
57
38
56
44
47
46
56
47
38
43
56
15
40
31
38
47
78
35
40
113
32
38
47
47
41
47
47
41
47
47
47
50
43
47
113
56
47
43
47
34
15
47
50
41
47
58
50
31
47
44
18
37
46
47
34
37
38
47
14
35
47
35
58
58
85
58
79
41
46
58
18
37
44
35
34
50
58
47
47
38
37
50
38
14
33
35
58
74
38
33
58
18
19
33
35
58
58
33
33
35
15
33
33
58
58
44
58
34
37
58
58
58
37
16
58
58
58
33
58
58
58
35
37
58
41
101
113
113
113
113
31
37
41
27
33
34
50
37
113
50
50
33
33
113
33
113
56
15
14
113
113
37
113
33
34
43
56
77
113
113
86
33
41
75
50
113
37
33
113
113
16
113
18
31
113
113
14
37
31
37
15
113
57
37
35
37
33
31
33
113
113
50
35
113
113
50
33
37
7
37
37
43
41
35
50
113
15
41
48
43
57
43
113
35
31
113
109
113
21
68
33
33
68
41
35
33
68
68
68
68
31
41
31
33
43
68
44
43
34
73
68
68
68
50
31
37
68
43
44
37
48
68
34
31
53
68
43
68
68
68
38
31
68
15
56
7
68
86
37
33
68
37
37
68
68
31
68
68
37
68
73
75
21
37
18
41
23
68
43
34
31
43
34
49
68
37
68
18
68
43
68
68
68
34
68
73
37
34
57
73
41
35
50
75
73
73
73
43
73
44
31
73
41
43
73
43
72
18
73
43
57
73
73
43
44
23
44
73
73
66
73
73
34
15
73
23
33
73
73
37
73
73
35
43
73
43
73
41
43
83
31
41
33
41
33
18
73
33
41
73
41
35
73
73
31
37
43
33
33
71
43
31
73
32
73
51
44
32
15
33
44
73
43
72
46
27
72
51
43
43
51
46
44
72
43
73
44
72
43
31
18
31
65
35
41
44
41
91
91
91
14
91
14
91
91
91
91
91
29
29
29
14
29
29
29
29
14
14
14
14
14
14
14
14
14
14
14
29
14
14
14
14
14
14
29
29
29
29
29
29
29
29
29
29
29
29
29
29
29
29
29
29
29
29
29
29
29
41
41
41
14
29
41
64
64
64
76
76
76
76
76
64
76
76
64
76
76
76
76
76
76
64
76
76
76
76
76
76
76
64
76
76
76
64
76
76
76
76
76
64
64
76
64
76
76
64
105
105
63
63
63
25
25
25
25
25
25
25
25
61
30
67
8
8
36
22
9
8
3
8
3
3
8
67
22
3
67
6
3
3
67
2
3
10
22
22
8
2
30
4
117
3
3
3
3
3
3
3
8
3
67
3
117
3
8
67
8
3
30
67
67
8
36
3
3
3
3
3
8
67
3
3
3
22
3
30
6
67
67
67
30
67
22
3
3
67
67
67
67
108
67
67
67
126
3
67
8
67
8
108
25
30
67
22
8
22
67
67
67
8
67
6
3
108
22
8
67
36
67
8
22
61
67
67
8
8
22
22
3
67
8
8
8
127
98
98
127
8
127
108
103
127
8
127
30
22
127
127
127
22
30
98
98
127
127
127
22
22
8
127
127
6
127
127
127
127
30
6
6
8
103
30
61
8
98
127
6
22
30
127
30
127
127
30
8
127
124
22
30
127
22
8
127
127
127
127
98
127
8
127
127
6
30
30
30
103
8
93
8
127
107
107
94
107
107
96
107
107
96
107
99
123
118
107
94
84
94
94
87
94
94
94
83
92
83
94
77
92
83
94
79
94
94
94
97
92
94
94
92
92
70
94
94
82
74
94
94
78
92
94
94
94
94
94
94
94
80
94
94
92
92
84
92
96
92
94
85
84
92
77
92
96
92
94
92
96
96
94
94
92
92
69
92
92
84
96
92
97
24
92
107
96
62
92
96
84
92
84
96
96
66
15
15
15
15
15
15
97
97
97
97
71
71
71
71
71
71
71
71
71
71
71
71
71
71
71
71
71
71
71
71
71
71
71
71
71
71
71
71
71
71
71
17
11
11
11
65
11
1
11
12
11
11
11
45
11
11
12
11
11
28
65
11
11
11
11
11
65
13
4
11
65
11
11
9
10
11
11
45
11
11
11
9
11
11
11
123
11
11
11
111
1
93
93
45
1
12
1
118
118
9
112
1
124
111
1
118
65
118
118
85
65
118
12
12
109
12
111
118
118
118
93
118
45
1
118
126
12
1
45
118
12
111
118
118
118
118
124
118
118
118
65
118
12
118
1
118
12
118
1
99
1
118
1
1
1
1
109
65
1
1
118
1
1
12
1
80
1
111
1
1
1
1
1
1
65
118
17
118
118
17
45
45
15
90
88
87
45
15
45
99
15
89
112
15
45
90
90
112
112
112
78
45
112
45
90
1
90
45
79
99
112
45
112
45
45
66
82
99
90
90
15
15
74
70
69
74
74
74
74
74
69
74
74
74
74
74
74
74
74
62
62
28
18
28
18
24
62
24
62
62
18
19
62
62
42
28
74
74
74
74
20
74
74
74
74
74
74
74
74
74
74
74
74
27
28
62
13
62
18
62
13
62
62
62
62
62
62
62
16
62
62
16
62
62
24
24
62
62
62
62
2
18
18
18
76
4
4
4
4
4
4
4
4
4
4
4
4
4
4
4
4
4
4
4
4
4
4
4
4
4
4
4
4
4
4
10
89
89
10
89
121
10
89
89
89
89
10
89
89
89
89
89
89
123
24
28
62
28
62
18
24
28
18
18
24
28
24
24
24
24
89
89
89
89
89
89
89
89
89
89
89
89
89
89
10
10
10
89
10
10
10
10
89
88
10
10
10
10
10
10
10
10
10
10
10
10
10
10
10
88
10
10
28
18
28
24
28
24
24
62
24
62
24
62
87
16
28
117
106
86
117
126
13
18
16
24
28
117
117
16
117
77
117
18
18
24
24
28
117
106
85
77
117
80
19
19
117
126
42
18
24
126
117
117
18
42
87
106
24
78
106
66
24
117
24
24
24
13
24
106
87
86
78
117
78
117
75
18
2
19
77
117
78
117
24
117
24
117
16
66
24
16
16
86
2
117
117
117
117
78
106
117
106
16
24
117
126
28
87
51
19
86
117
63
70
16
51
106
78
51
16
78
78
78
16
106
5
87
61
28
85
2
117
86
51
18
117
79
16
78
28
61
20
21
16
87
27
87
16
42
42
16
78
63
42
78
19
16
51
13
106
16
51
106
78
66
66
51
126
16
106
87
16
2
19
32
78
78
77
78
18
61
51
16
87
16
51
16
36
78
82
19
66
103
70
16
51
16
78
16
16
66
19
78
16
117
16
51
61
16
86
126
117
51
61
123
28
87
87
126
87
121
19
51
86
124
87
19
87
77
51
75
51
87
87
87
87
87
87
87
87
87
51
87
87
87
78
87
87
106
21
27
87
124
115
80
80
80
75
80
78
28
19
28
2
51
51
80
106
80
80
80
80
78
83
28
2
106
80
80
19
78
80
80
51
126
80
124
109
2
80
80
80
51
126
2
80
28
80
80
51
80
126
28
106
80
80
80
80
2
106
51
2
80
80
51
61
28
2
124
106
80
51
106
126
106
82
28
78
79
2
51
2
106
2
124
124
42
124
124
2
21
124
82
60
78
124
2
124
85
2
51
124
2
109
86
123
53
2
124
86
2
66
2
124
70
124
63
124
2
53
2
78
28
124
124
28
42
106
106
2
17
28
124
63
106
51
106
124
82
78
2
28
124
124
106
78
106
2
124
13
9
86
51
109
124
124
66
2
106
124
70
2
66
124
2
86
51
86
109
86
86
86
77
109
86
27
70
109
86
106
28
63
69
124
20
75
86
42
86
109
109
86
109
61
70
121
109
61
86
86
63
86
79
86
86
86
109
61
21
78
42
109
19
61
61
79
109
5
86
86
66
77
79
32
61
61
75
75
77
36
79
77
66
61
42
19
61
86
79
61
79
66
108
77
77
70
115
61
77
61
61
66
61
61
42
61
79
66
66
70
95
70
77
109
19
61
66
77
79
123
109
109
103
109
79
79
61
66
79
109
61
61
61
66
83
19
19
61
66
121
75
77
66
93
66
66
109
77
66
77
77
66
72
77
36
82
77
70
77
13
77
19
66
77
66
77
77
32
126
79
27
79
77
77
77
19
109
79
66
66
42
108
20
79
95
79
66
42
42
72
126
17
126
60
19
126
79
20
82
126
42
108
69
23
79
126
88
19
42
95
42
82
61
95
69
95
115
79
108
95
108
93
108
108
13
95
79
42
42
95
108
42
70
27
95
95
95
108
109
79
109
60
42
21
60
19
27
75
13
42
27
115
42
42
13
108
95
126
19
109
79
82
19
82
108
109
60
82
60
42
108
72
79
109
115
115
95
72
36
9
95
5
83
13
108
79
7
95
108
42
126
19
115
79
115
109
60
20
108
19
83
108
109
83
10
10
23
103
23
128
64
100
99
99
64
64
100
23
7
99
64
64
99
102
64
85
88
64
88
32
99
99
99
23
99
53
5
17
99
9
64
64
103
128
99
99
23
23
99
64
123
23
99
23
102
23
88
99
64
23
121
99
99
99
99
97
121
99
88
121
99
111
99
64
64
99
64
98
64
64
64
64
32
64
111
99
99
99
64
23
93
23
99
85
69
102
23
85
85
69
85
85
85
85
23
102
53
5
85
85
97
85
85
85
93
85
85
23
85
85
103
85
85
23
121
85
85
36
84
102
85
85
23
85
85
102
85
103
121
7
9
7
17
93
128
103
123
7
7
103
100
100
7
7
23
7
5
102
7
7
102
100
7
7
7
7
103
103
103
7
7
7
7
23
7
23
103
121
7
103
7
100
102
93
100
23
103
7
7
100
9
100
121
7
103
102
23
98
7
103
23
128
23
128
128
93
88
21
103
128
128
93
69
23
128
121
97
23
128
32
128
128
32
128
5
128
32
128
17
17
17
100
102
128
103
103
32
128
121
17
103
128
100
128
88
17
128
9
88
6
100
53
128
121
32
128
128
32
103
128
121
100
32
20
36
128
88
17
7
128
84
88
17
9
88
88
121
88
32
32
93
88
88
9
88
17
97
88
88
88
88
17
88
98
102
88
98
103
32
121
69
32
88
88
88
88
121
121
102
121
121
103
102
32
93
121
121
121
121
121
121
121
32
103
88
100
102
32
121
93
32
32
90
90
102
103
90
5
90
32
102
90
72
123
90
17
102
17
90
90
17
90
17
102
98
32
102
102
90
103
32
90
90
90
90
102
100
90
17
32
90
69
5
90
100
32
32
17
90
90
90
100
17
90
17
93
69
17
5
102
5
111
17
32
90
102
17
5
6
32
17
100
69
83
17
17
17
20
90
84
21
53
102
36
63
84
25
123
9
84
107
84
84
111
9
103
84
111
84
112
84
84
111
84
84
84
49
84
84
111
65
111
65
123
84
84
83
100
111
36
84
107
100
98
84
84
9
84
25
84
36
69
111
63
5
84
111
63
63
63
63
63
36
5
63
63
63
100
63
63
111
53
6
20
9
97
63
63
63
63
100
63
63
102
97
36
93
63
100
63
63
63
107
72
21
111
111
111
25
111
111
111
36
111
53
111
5
111
5
111
93
5
111
111
63
84
93
93
5
111
27
5
93
69
36
75
93
36
5
93
75
93
20
49
25
75
75
100
93
93
93
112
72
60
105
27
83
6
46
21
112
112
105
115
65
123
105
104
96
57
27
72
65
83
27
60
27
46
96
27
105
112
105
49
27
112
60
53
21
6
112
6
105
20
112
112
83
65
12
46
112
123
83
98
123
105
105
20
21
82
107
69
105
83
83
105
83
27
83
105
72
65
83
6
65
60
123
105
69
6
20
105
112
65
27
69
46
96
112
57
96
60
53
49
104
49
65
112
97
112
46
123
123
46
69
13
105
27
83
65
83
65
115
6
105
57
53
83
49
57
83
12
60
83
65
65
25
65
65
60
46
6
27
27
96
46
21
105
69
105
83
83
6
49
112
105
105
105
27
57
27
112
112
65
60
21
105
96
65
20
6
57
21
72
57
112
115
96
57
57
46
112
65
49
21
27
96
70
27
65
21
53
72
6
65
21
112
96
21
57
96
72
96
6
25
12
104
112
21
112
49
65
96
96
123
46
13
21
12
21
123
27
82
65
20
123
20
60
12
104
46
83
107
46
123
21
97
98
107
70
57
115
123
96
6
21
123
21
72
82
60
98
104
97
21
83
123
60
25
13
96
75
13
83
13
72
97
96
96
70
13
57
49
27
60
13
98
98
98
96
107
123
13
123
98
27
49
13
83
49
97
60
82
21
75
70
70
27
13
57
104
60
57
60
123
27
98
96
57
115
21
57
57
13
20
46
96
13
60
123
21
57
13
83
57
20
21
27
98
20
70
123
70
98
104
53
20
20
9
25
75
72
98
82
13
20
98
107
46
70
97
104
20
46
46
82
46
13
115
123
20
49
53
20
20
104
98
12
20
13
98
20
104
98
20
20
13
60
60
98
69
30
123
104
12
72
98
82
69
72
25
30
98
36
9
46
45
49
98
115
9
13
46
82
13
57
25
49
45
45
49
104
49
75
107
53
36
115
97
53
6
9
82
75
97
107
104
97
49
12
46
104
45
22
6
60
45
53
9
45
25
46
45
25
22
45
60
82
49
9
30
30
69
49
72
6
104
25
60
70
45
69
9
12
36
104
9
45
72
104
9
95
107
45
9
36
9
12
115
104
30
104
45
75
97
45
72
69
107
115
30
72
45
107
25
36
30
75
9
25
9
53
115
9
30
45
95
72
108
22
30
97
97
97
97
97
97
97
97
97
108
126
95
22
75
22
75
75
75
75
95
36
75
12
22
75
53
108
126
75
107
53
22
22
70
108
95
75
75
22
95
5
22
92
108
95
22
115
36
95
22
95
22
12
82
126
53
