254
254
254
254
254
254
254
254
254
254
254
254
254
254
254
254
254
256
247
256
253
252
251
246
250
252
252
249
255
248
244
252
245
243
241
240
242
236
235
252
252
256
243
237
253
239
232
227
244
231
226
252
238
244
244
252
252
250
233
252
252
246
252
252
230
252
252
252
229
252
234
221
228
244
223
224
222
225
216
220
250
218
248
246
246
224
215
251
244
256
214
219
250
245
250
256
217
211
248
229
230
250
229
248
248
210
248
233
242
248
219
256
256
228
213
256
256
225
248
248
208
228
248
248
246
248
244
242
248
212
244
229
228
217
228
242
248
256
256
242
256
228
228
229
256
206
226
256
226
255
230
255
209
203
207
246
248
246
228
242
204
228
255
230
244
228
198
245
212
228
224
230
228
198
256
229
224
229
235
206
250
209
211
217
242
224
224
250
224
230
217
244
231
219
250
216
250
242
198
228
224
219
198
224
250
231
235
202
224
205
197
224
228
251
256
200
201
230
216
207
256
224
224
224
217
229
255
229
199
226
221
251
217
194
195
248
217
246
224
228
246
231
250
245
193
219
251
208
217
250
224
242
228
211
250
231
194
217
217
219
204
226
191
229
219
226
250
246
226
230
222
226
226
216
217
216
217
226
229
190
226
242
193
199
242
226
218
196
228
186
226
226
185
188
225
217
229
226
217
250
244
227
244
251
226
192
216
221
251
242
245
217
255
246
246
251
189
244
217
207
242
229
251
251
251
246
255
207
216
251
244
251
251
253
251
182
244
245
251
212
212
217
246
255
224
239
244
212
198
198
198
233
233
233
233
233
233
233
233
198
198
198
198
233
198
198
198
198
198
233
233
233
233
233
198
233
187
184
184
187
179
187
184
181
178
176
173
183
184
183
230
187
180
175
173
168
177
174
177
171
171
187
170
187
167
187
172
172
181
165
161
170
164
170
162
157
187
160
159
187
172
169
184
163
183
160
161
187
187
158
187
187
170
170
187
155
173
156
172
159
187
168
153
184
183
166
170
165
187
183
187
147
170
170
184
178
149
178
170
156
161
184
152
145
170
153
170
184
170
170
178
151
145
141
184
184
156
181
183
170
184
159
136
159
170
170
161
184
154
180
180
146
166
169
140
184
161
145
184
139
178
178
153
166
178
184
178
178
150
179
166
184
172
142
172
159
168
148
178
149
181
161
178
161
165
166
166
145
158
168
178
168
144
175
172
172
138
158
145
131
180
138
159
137
181
180
178
162
131
166
160
132
178
178
171
166
161
130
145
140
159
180
180
173
166
180
178
178
135
166
159
134
180
136
134
146
151
166
180
171
160
129
125
183
134
133
126
166
133
143
126
154
155
166
133
161
180
168
180
129
128
126
172
159
183
127
126
145
129
166
159
166
180
151
172
126
166
145
180
176
161
172
173
183
153
161
134
161
129
172
162
123
180
155
126
172
156
164
158
159
160
129
159
124
126
161
159
165
119
159
172
134
133
158
146
145
161
230
159
159
162
180
117
153
134
129
159
171
172
131
171
171
183
134
161
145
126
175
126
134
144
175
172
168
171
171
112
171
112
173
126
171
111
171
154
171
129
171
160
146
175
126
183
131
153
175
120
126
175
128
230
158
145
126
161
126
175
126
183
122
160
126
151
129
175
175
141
133
171
175
151
133
131
131
163
145
171
162
168
130
168
175
175
135
158
145
158
133
121
128
163
175
138
175
112
175
116
166
156
133
149
158
115
133
171
135
181
133
133
181
135
170
133
172
175
180
114
113
135
118
129
160
158
230
135
158
129
165
113
133
151
113
145
173
151
133
151
145
113
129
183
135
133
134
129
183
129
156
135
181
133
149
112
156
162
113
181
113
129
183
113
181
110
156
158
113
113
113
160
131
113
135
108
135
155
129
135
181
113
141
146
151
160
128
129
181
173
113
145
183
131
114
158
113
168
156
110
141
160
135
152
113
113
181
141
135
110
135
135
124
168
139
103
230
181
181
110
110
135
114
141
105
133
128
181
110
152
163
110
153
126
156
161
114
128
110
162
181
99
135
109
155
110
106
158
134
110
162
128
101
153
160
101
158
155
99
102
110
104
173
138
131
131
110
101
110
110
138
176
160
131
149
158
110
101
110
156
87
141
160
100
97
110
113
95
101
114
134
101
129
99
173
90
156
141
155
114
176
155
131
96
101
156
107
160
101
176
131
155
114
94
156
230
128
176
99
92
176
131
141
162
100
155
128
120
153
151
176
100
100
155
134
93
155
100
176
84
173
152
176
152
100
176
114
165
114
176
156
176
114
114
155
99
114
176
155
176
169
176
141
134
114
151
108
114
156
131
155
114
128
138
128
153
176
141
99
101
114
153
173
118
173
114
118
91
118
86
134
153
118
138
99
160
173
141
131
118
120
98
101
152
128
101
173
101
173
118
88
87
101
118
138
144
101
162
118
118
101
101
162
124
100
104
118
118
119
118
141
99
118
118
118
99
137
164
118
164
104
164
164
164
149
152
164
165
164
164
164
164
164
155
99
165
142
104
141
151
92
164
151
151
104
104
164
100
164
151
134
230
156
98
152
128
104
141
100
150
89
98
98
97
104
134
177
151
98
99
100
98
120
137
120
138
146
120
120
230
99
146
152
140
120
162
152
162
152
104
145
104
98
120
147
149
120
98
151
104
152
141
152
99
119
149
149
147
98
157
165
147
100
162
100
120
149
147
120
116
120
139
120
104
104
98
165
162
104
98
120
120
98
147
138
150
104
100
98
119
100
153
120
98
98
98
150
146
152
124
100
99
152
99
124
153
147
147
124
87
124
98
94
85
147
124
140
81
141
124
97
99
104
124
152
128
124
95
147
124
124
99
95
82
177
139
128
138
165
169
124
87
153
147
87
153
168
124
100
124
107
124
87
164
72
83
153
72
72
152
183
162
72
95
149
147
177
72
72
72
87
72
119
147
72
165
147
72
87
78
138
72
87
149
72
72
87
128
169
169
72
72
77
72
95
140
157
78
81
100
78
78
87
78
95
149
87
78
87
95
95
87
83
146
108
87
165
87
138
78
109
95
78
165
149
72
78
146
128
87
109
101
94
104
147
165
158
78
140
150
150
95
71
150
78
80
78
168
142
78
140
109
109
140
137
150
78
109
78
169
78
109
147
138
146
109
149
165
169
95
165
173
248
73
69
73
69
69
69
69
69
69
69
69
73
69
69
69
69
73
73
73
73
73
73
73
73
73
73
73
69
73
73
69
73
69
69
74
74
76
76
74
74
74
74
74
74
74
74
74
76
74
74
74
74
74
76
76
76
76
76
76
76
76
76
76
76
76
76
74
76
68
70
70
68
70
70
68
75
70
70
67
70
70
63
70
70
70
70
70
70
70
68
75
70
67
68
70
75
75
75
75
68
68
75
68
75
75
68
230
79
65
65
65
66
66
66
66
66
66
66
66
60
62
61
58
58
64
57
56
58
54
58
54
54
58
61
57
54
61
51
54
54
61
55
54
50
57
57
58
55
62
59
47
54
54
54
54
54
54
54
58
57
61
54
47
54
58
61
58
54
62
61
61
58
64
61
52
52
61
61
58
61
52
61
61
57
65
62
51
61
61
57
62
65
57
65
48
65
57
61
57
49
65
52
65
38
52
57
58
57
58
48
66
62
65
57
57
57
65
65
65
52
65
51
48
48
57
58
65
64
52
58
65
60
52
57
58
65
45
53
52
46
52
62
62
52
52
52
52
46
46
48
48
46
62
46
62
53
46
46
46
53
46
46
46
46
46
46
53
53
52
46
46
51
62
62
62
62
62
51
51
51
48
64
60
52
62
46
51
39
62
52
51
58
51
51
51
51
43
53
41
51
53
51
51
51
40
39
39
39
42
39
39
36
44
40
34
48
39
37
39
39
39
39
32
39
39
39
39
39
32
39
30
33
31
29
32
35
32
32
28
32
32
32
27
24
24
32
25
24
24
32
22
32
32
32
21
24
32
32
24
24
26
32
32
15
8
20
18
19
24
35
18
35
18
35
35
18
23
18
18
24
24
35
24
18
24
18
14
35
24
25
24
18
24
18
24
18
18
16
16
27
27
35
27
27
35
18
27
21
11
27
13
18
6
27
18
35
27
35
20
18
17
134
10
12
12
10
12
21
21
21
21
9
9
9
9
9
9
9
9
9
9
9
9
9
9
9
9
9
3
2
3
3
4
5
3
1
1
4
3
4
3
7
249
3
3
3
3
3
238
3
4
3
1
3
241
3
3
4
3
238
237
4
247
1
240
240
7
4
215
234
1
4
1
1
232
223
1
1
5
240
1
238
232
1
1
1
197
1
7
240
1
238
4
4
5
7
4
7
240
240
232
214
240
238
240
240
7
4
7
238
238
4
7
4
4
1
4
240
7
238
238
4
7
5
7
5
220
213
7
241
240
213
240
7
7
238
5
238
238
5
240
236
7
213
240
247
240
213
5
5
196
238
5
5
5
5
247
7
236
5
5
1
247
5
213
247
240
238
247
238
247
5
238
247
247
213
210
249
247
200
249
247
192
203
195
205
202
241
203
241
196
203
185
214
203
192
195
195
214
214
214
191
241
214
241
195
7
195
241
190
196
214
241
214
241
241
201
188
196
195
195
203
203
203
203
203
203
203
203
203
203
203
203
186
186
186
186
10
186
186
138
138
148
138
148
132
125
125
125
125
125
125
143
125
125
189
148
186
186
186
186
122
186
186
186
186
186
186
167
167
167
167
167
167
140
148
125
182
125
174
125
182
125
125
125
125
125
123
123
117
123
123
117
121
123
140
140
121
123
123
123
106
132
132
106
75
75
75
75
75
75
75
75
67
67
115
67
67
67
67
67
67
67
67
67
127
67
67
67
68
115
115
115
115
115
115
115
115
115
115
115
115
115
115
127
127
67
127
127
127
127
127
127
127
102
182
148
123
148
123
132
182
148
132
132
121
148
140
121
121
121
96
127
127
127
127
68
127
115
127
103
68
68
68
68
103
105
103
68
103
103
103
103
91
90
103
103
103
103
96
103
96
103
103
103
105
103
105
105
68
90
111
105
148
123
148
121
148
121
132
123
106
123
121
123
89
117
148
88
84
123
88
86
182
132
117
121
148
88
88
88
88
123
88
132
132
106
121
148
88
84
63
93
88
85
143
143
88
86
189
132
106
86
88
88
132
189
89
84
121
121
84
79
121
88
121
132
132
182
121
84
89
148
148
88
106
89
82
132
143
143
106
89
106
89
174
89
77
117
117
79
174
117
117
174
174
117
117
89
117
106
84
117
77
117
174
89
86
106
89
174
143
174
89
59
71
117
174
84
174
174
117
106
140
174
89
79
80
89
182
189
63
174
89
189
174
132
89
44
88
106
45
84
43
50
85
88
182
89
117
189
189
37
106
59
189
106
143
41
174
182
77
37
174
84
106
79
79
56
86
49
79
38
37
79
143
42
77
143
106
34
36
182
56
30
33
37
56
85
28
84
23
143
36
31
44
37
56
37
77
37
37
36
143
84
37
37
37
56
189
37
143
86
37
84
84
15
29
37
33
86
37
85
79
56
17
30
30
143
19
13
56
82
56
85
30
37
30
30
30
30
30
30
56
30
30
30
77
30
30
84
50
102
49
85
22
85
85
85
82
49
77
26
143
26
56
56
56
85
77
85
85
85
85
182
85
26
84
182
85
30
79
77
49
189
56
86
49
84
11
36
49
14
49
56
86
56
49
189
49
33
56
49
86
26
36
49
49
49
49
77
182
2
2
49
49
8
79
26
6
239
182
14
243
182
86
143
33
26
34
234
79
79
2
77
227
14
239
189
239
239
2
26
239
38
237
77
14
2
239
63
2
79
14
34
11
143
15
33
34
14
189
2
79
2
14
44
14
59
14
34
33
2
189
26
14
14
26
189
223
222
2
209
26
239
59
2
2
13
14
33
77
2
26
239
14
13
77
222
34
239
13
14
2
220
11
14
239
36
227
13
239
44
2
36
239
34
189
79
2
239
227
227
239
13
41
227
50
44
41
227
13
29
59
29
14
33
82
227
182
218
41
41
77
33
34
44
239
11
36
227
227
59
227
234
227
227
227
11
13
26
77
6
41
79
13
34
234
41
206
227
8
140
8
234
34
13
13
82
82
8
210
234
8
36
34
197
208
13
36
234
34
234
36
190
8
8
44
204
13
8
34
13
140
34
206
26
34
234
140
36
44
17
44
197
41
208
13
36
8
234
15
41
33
201
33
234
234
36
206
234
41
36
13
205
36
179
202
202
34
208
234
82
8
8
227
197
197
41
197
215
8
8
197
194
8
199
38
8
71
222
8
222
202
197
136
140
136
222
200
86
234
205
234
222
136
136
202
41
193
136
136
136
136
33
188
136
11
26
136
130
194
86
29
86
197
222
86
193
136
38
202
136
136
29
191
11
202
185
208
26
136
222
33
222
136
29
197
22
11
197
130
130
197
130
130
208
222
11
26
222
130
130
222
44
205
130
197
130
130
11
11
11
197
222
116
206
111
205
82
122
130
222
22
43
43
208
197
43
202
208
11
11
33
208
11
130
33
185
38
206
43
130
194
11
41
22
22
43
194
199
92
43
41
81
208
43
41
197
43
130
43
202
208
22
188
22
33
22
188
6
91
179
43
179
188
107
105
83
105
105
105
63
93
45
45
63
63
93
105
47
45
63
63
45
80
63
31
20
63
20
16
45
45
45
105
45
40
28
107
45
55
63
63
25
19
45
45
105
105
45
63
23
107
45
105
80
105
20
45
63
107
42
45
243
243
243
237
42
243
20
42
243
253
243
63
63
243
223
221
223
220
236
223
16
209
253
215
243
243
223
25
223
107
243
243
235
25
105
243
243
235
243
225
218
218
83
80
223
211
218
218
237
225
218
218
223
218
218
210
215
218
25
218
218
107
42
218
218
142
201
80
218
225
83
225
225
25
225
25
215
225
200
225
144
223
225
25
191
225
225
25
204
93
225
225
107
225
191
80
157
154
80
93
154
154
154
154
25
25
25
154
154
154
154
122
154
83
25
215
154
93
154
93
80
223
93
107
25
154
154
93
200
204
42
157
20
80
108
192
157
40
107
157
83
157
157
223
20
92
25
157
157
223
235
122
157
42
237
122
157
122
157
157
122
157
191
215
122
215
107
107
83
93
80
215
25
80
122
215
215
107
80
215
93
215
122
107
215
55
20
116
93
108
215
42
122
157
215
122
93
111
42
93
122
94
122
111
122
107
111
111
83
111
42
55
20
111
107
111
122
83
223
111
111
55
111
108
237
111
111
111
90
83
111
96
80
20
192
80
83
42
235
83
90
90
90
90
90
90
20
90
90
93
80
42
223
90
42
42
90
90
90
90
16
80
97
31
20
83
97
220
83
42
97
97
20
40
97
191
97
83
102
97
19
60
97
42
20
144
97
97
97
97
144
20
96
47
192
20
97
40
83
97
81
81
81
40
40
81
144
190
81
204
191
81
40
190
47
17
81
81
81
93
144
81
144
223
204
144
191
40
191
91
28
47
81
40
81
191
23
12
17
40
235
10
81
237
237
47
237
237
71
144
40
17
81
237
144
190
55
237
211
237
237
47
55
40
237
47
237
210
249
40
17
249
40
249
12
249
249
47
210
47
210
108
249
249
209
40
17
190
249
28
191
96
249
232
55
249
144
249
190
235
17
249
191
17
17
17
17
17
17
17
190
191
17
249
199
16
207
199
253
144
144
236
55
201
199
207
199
199
31
199
199
185
190
28
193
199
31
199
199
199
28
142
139
199
207
207
144
207
207
207
190
207
190
207
192
207
192
207
220
191
47
207
199
207
220
220
31
116
116
211
220
204
190
116
220
190
31
220
116
220
47
12
144
116
116
201
220
220
220
167
163
137
64
221
10
112
94
50
167
167
102
71
167
92
64
167
91
60
221
23
167
10
221
19
221
167
91
221
64
167
64
6
221
167
19
15
232
167
193
236
64
200
231
212
10
212
185
94
193
209
91
139
209
102
64
200
232
196
10
12
64
91
91
64
10
221
91
64
163
212
91
236
212
19
209
64
10
236
200
64
102
212
221
12
94
200
64
60
200
137
119
6
92
6
212
102
179
193
94
209
209
94
12
71
64
221
91
212
91
212
142
236
112
60
15
12
6
60
10
23
19
10
212
212
177
193
193
19
94
236
221
92
91
94
232
50
211
253
10
91
236
6
193
245
205
253
92
60
221
193
193
193
137
232
253
200
193
92
236
60
253
163
60
196
201
91
60
60
94
196
212
6
253
221
91
188
221
193
253
15
163
236
10
232
10
231
232
60
231
163
231
236
194
185
139
193
232
196
6
102
200
200
209
94
253
119
185
253
196
177
196
10
200
102
92
19
185
92
94
60
212
137
196
205
10
71
16
179
60
142
209
200
236
232
209
205
163
196
19
71
23
21
253
231
102
19
50
253
231
38
253
231
112
163
210
231
231
139
209
92
6
219
137
209
213
71
71
200
216
196
209
196
71
177
6
112
201
6
210
137
59
232
211
139
139
177
209
177
23
19
231
19
196
177
71
231
92
188
232
92
60
206
200
94
245
179
19
179
232
231
179
12
142
177
232
50
102
177
139
196
139
71
188
119
177
177
194
108
29
163
71
53
179
177
71
96
94
139
179
188
92
94
137
38
137
112
28
15
92
6
16
92
119
142
71
185
119
179
102
219
23
71
119
21
112
19
19
102
12
205
213
23
185
163
102
59
245
163
201
205
102
206
192
119
255
6
102
177
150
112
204
38
112
194
112
112
119
119
6
23
112
216
179
211
195
201
194
119
236
150
53
216
179
169
119
21
112
185
204
179
50
108
236
109
219
188
150
50
201
96
219
112
108
219
31
38
15
150
16
219
245
15
163
48
188
53
137
139
219
12
150
185
28
213
150
185
163
188
150
29
205
219
23
255
150
185
214
211
219
142
194
137
245
50
163
245
216
235
142
109
50
206
188
204
188
210
23
188
23
50
201
23
142
194
169
109
194
206
16
245
21
21
21
21
21
21
21
21
48
31
195
27
59
27
59
59
59
59
195
192
59
96
27
59
82
48
29
96
22
28
27
27
66
48
195
59
96
27
195
235
96
214
48
195
82
116
192
96
82
195
96
255
213
27
82
