21
18
51
21
17
18
50
16
55
22
20
29
20
21
51
20
19
51
17
50
51
23
16
16
18
22
23
19
51
19
20
16
51
17
116
50
19
28
20
21
22
51
17
17
51
20
50
20
18
49
21
16
49
18
19
23
23
18
55
21
20
55
20
21
19
21
23
23
50
21
16
16
22
18
20
22
17
22
17
22
18
20
21
16
16
22
50
16
18
50
17
55
18
51
18
50
22
16
22
50
19
18
50
17
23
21
19
73
19
23
55
51
50
23
17
51
51
22
23
23
21
21
23
23
16
17
20
19
23
16
18
50
18
22
23
19
29
51
50
19
51
22
23
50
51
17
21
50
21
51
19
51
17
20
50
16
22
16
18
19
20
16
51
19
18
21
116
51
16
17
23
55
19
116
50
50
17
50
20
17
18
17
16
22
19
17
23
18
22
19
16
18
49
55
18
17
18
19
55
23
23
55
116
23
18
49
20
20
22
20
16
19
22
22
50
16
51
19
17
50
51
20
21
23
22
50
51
50
21
21
16
22
22
29
20
22
21
16
21
23
21
49
18
51
28
55
16
21
17
18
20
19
23
16
18
49
29
21
20
55
20
21
51
50
55
19
18
16
21
20
17
23
22
17
22
17
22
23
50
51
22
19
28
21
19
23
20
17
22
50
17
22
17
50
21
23
50
21
22
18
18
20
18
20
23
51
17
16
16
19
51
17
51
23
21
22
26
18
21
50
19
50
20
20
19
21
51
50
17
19
18
19
19
51
23
95
22
51
16
16
16
20
23
51
17
20
18
16
116
53
115
120
2
55
55
55
55
104
55
112
81
113
117
118
115
117
91
81
112
112
81
114
81
81
52
113
81
83
81
80
75
115
95
73
91
79
69
88
93
88
55
83
68
70
72
78
83
69
83
89
89
80
66
85
69
91
87
87
73
77
84
75
87
73
77
77
80
82
67
90
66
95
83
89
88
82
86
90
91
84
87
90
69
71
80
86
72
72
71
67
90
78
78
93
88
74
75
77
80
88
86
84
75
73
89
90
76
90
75
72
84
95
80
87
67
78
70
93
64
64
90
84
84
77
93
92
100
77
88
74
85
67
77
67
66
65
84
83
79
75
75
86
64
95
83
93
84
86
83
83
90
92
78
71
91
92
91
95
71
75
64
80
70
79
71
67
78
77
90
76
77
94
92
94
77
74
64
86
85
78
94
78
95
70
70
68
75
85
85
79
68
75
67
79
54
68
92
77
89
69
82
83
91
95
65
66
85
72
86
75
74
68
69
72
74
74
80
90
93
64
78
76
71
77
77
86
84
64
66
87
82
81
79
88
77
91
92
65
91
90
95
79
86
65
91
86
68
78
68
80
83
92
74
67
88
79
93
86
81
73
67
65
65
84
71
92
64
84
65
79
84
87
76
88
78
87
100
84
80
94
76
79
87
86
93
71
72
79
85
64
82
83
65
72
92
85
67
72
82
64
70
77
90
85
87
87
90
79
66
67
76
70
94
78
77
81
67
75
70
85
69
65
88
76
84
86
93
67
92
77
95
73
74
78
69
64
72
67
72
72
92
66
69
64
79
68
80
65
82
86
66
91
88
89
78
74
66
94
87
83
55
84
86
93
84
92
66
95
88
94
82
92
84
80
66
70
89
94
69
67
84
91
94
89
89
87
69
77
54
72
54
87
64
95
85
86
85
91
70
89
89
70
75
71
82
71
74
64
71
90
76
85
66
93
68
93
87
89
90
77
95
64
93
65
64
65
68
75
93
69
82
82
94
79
93
85
81
77
75
95
84
71
87
76
84
91
85
86
70
80
88
94
94
77
80
88
81
72
92
67
91
76
72
72
76
70
75
74
80
88
87
65
87
72
85
75
69
75
82
89
68
92
66
93
86
81
92
65
68
83
80
85
82
83
81
67
76
66
74
88
89
71
85
74
78
73
64
88
82
91
81
69
69
70
88
93
64
94
91
72
77
82
79
79
67
67
65
74
93
74
89
72
91
81
73
74
83
71
78
78
95
73
90
68
89
74
76
100
94
92
92
86
69
70
94
72
70
76
83
95
78
82
93
80
86
89
80
65
92
76
75
85
89
74
93
66
73
75
79
82
85
72
80
67
93
65
100
90
88
82
91
89
64
64
73
95
70
77
93
69
80
2
79
71
88
86
67
66
86
85
84
93
73
77
82
95
64
94
86
66
74
70
79
83
64
89
81
71
89
88
76
90
94
82
66
78
84
73
90
91
85
77
83
86
91
87
94
76
80
73
81
90
71
66
72
67
68
72
68
68
69
85
81
73
70
94
74
82
69
88
100
67
85
66
65
75
68
86
64
83
75
81
78
65
88
80
95
74
54
76
70
76
65
70
72
66
79
79
78
74
100
81
82
76
88
94
87
67
68
93
81
89
95
0
95
77
67
79
91
92
74
75
95
93
76
71
73
90
92
76
72
92
93
71
64
82
68
88
83
71
67
67
83
79
87
87
65
93
71
69
73
76
81
71
68
64
68
70
68
87
86
80
73
79
93
78
85
113
69
85
85
95
93
66
94
73
84
77
97
71
68
81
87
95
88
90
94
70
65
75
89
92
100
83
89
68
80
91
74
71
79
64
100
86
65
70
73
82
86
81
73
67
76
83
79
83
95
86
92
65
67
89
76
68
69
85
92
81
89
81
83
82
72
76
85
69
77
72
84
90
76
90
74
83
84
75
89
64
83
71
92
92
69
1
76
95
69
78
66
68
84
100
94
92
90
70
82
91
88
70
71
65
68
85
86
80
66
91
82
81
94
68
78
87
84
70
91
75
70
74
95
87
71
77
84
89
87
89
80
95
73
80
81
70
71
86
68
75
69
74
70
83
83
81
75
73
94
73
91
78
84
90
88
78
69
80
66
100
66
90
69
69
66
88
71
68
80
78
76
65
73
76
85
79
64
71
67
91
74
82
87
64
73
89
87
91
65
75
65
91
76
78
68
90
82
94
82
87
69
71
70
74
88
77
65
84
92
67
67
80
74
73
86
91
71
90
73
73
83
66
94
66
93
72
92
72
75
92
73
66
72
76
75
66
94
83
90
95
93
65
92
85
68
80
65
88
80
81
73
94
89
65
94
64
78
79
70
74
90
91
88
78
89
64
93
64
82
66
94
94
75
84
90
79
72
82
72
4
3
7
0
31
29
30
31
6
30
30
30
30
30
1
6
30
30
30
0
4
3
28
0
0
3
7
1
0
0
30
1
0
2
5
2
2
3
3
30
30
0
0
3
2
10
3
1
2
0
31
8
1
29
29
8
0
8
2
30
5
3
3
0
29
1
30
30
30
1
29
2
6
0
30
0
29
6
1
8
1
3
3
29
30
1
8
2
0
0
6
3
30
3
29
0
30
29
1
7
8
0
30
30
3
30
0
2
31
55
55
115
116
115
55
55
55
55
55
55
55
55
114
116
112
117
117
116
118
95
117
114
117
114
114
117
112
118
113
114
116
113
113
112
116
117
119
118
118
117
116
116
113
119
114
115
116
113
115
113
113
117
118
112
113
119
114
117
112
117
119
116
112
112
117
119
112
114
114
112
113
117
112
116
53
115
118
114
117
116
112
112
114
116
113
118
113
119
113
114
112
118
119
114
112
113
95
115
116
117
114
117
119
55
116
112
118
118
118
114
115
112
119
112
116
119
119
118
117
113
116
115
117
118
115
112
116
117
81
118
118
112
113
119
113
113
113
112
112
114
115
113
119
119
117
117
112
116
118
114
113
114
118
117
112
112
115
113
113
118
118
119
114
114
116
114
113
112
113
116
116
117
117
119
116
114
114
112
115
116
112
114
115
116
114
116
117
117
117
95
118
116
114
118
117
113
117
114
113
112
112
117
114
115
117
115
114
114
119
115
53
113
115
115
115
52
115
115
115
113
33
52
33
115
115
115
113
52
53
52
53
116
52
52
52
54
54
54
52
53
54
54
53
53
52
52
52
19
54
52
52
54
54
53
52
52
53
53
52
52
53
54
53
52
52
52
53
53
52
53
52
52
54
54
53
54
52
54
52
53
53
54
53
54
52
54
53
54
52
52
84
53
54
54
53
54
54
53
52
54
53
53
54
115
53
53
54
52
53
54
53
52
53
114
47
33
33
33
33
33
48
49
49
49
61
60
62
59
62
56
61
63
62
62
62
63
57
56
62
60
59
60
61
62
63
56
63
60
60
62
56
62
59
61
60
56
60
62
60
61
62
63
62
59
63
61
60
57
60
62
59
56
61
61
56
63
62
60
61
60
56
56
61
62
56
60
61
61
61
62
62
63
60
60
61
61
60
60
61
62
62
61
60
60
63
56
56
63
61
59
62
62
60
61
57
61
63
60
63
62
56
56
62
61
56
60
56
59
61
59
63
56
62
56
56
60
56
56
63
61
59
60
57
60
59
60
60
60
62
63
61
56
62
63
56
60
59
63
63
61
59
63
63
57
63
62
63
62
63
61
61
56
62
63
60
63
63
59
63
61
62
60
63
63
61
62
61
61
56
63
56
62
61
56
63
57
32
32
57
57
57
36
57
56
32
57
57
32
63
32
32
57
57
57
57
57
57
57
57
60
32
57
57
56
57
57
57
57
57
57
57
56
57
32
37
37
33
33
32
36
37
37
36
36
32
36
37
37
36
36
32
32
36
100
100
97
100
97
100
109
100
103
100
100
100
96
100
100
109
97
36
36
37
33
42
37
36
36
36
37
37
34
37
36
36
37
36
98
97
99
97
99
104
99
97
99
99
99
99
99
99
99
124
103
99
103
111
98
106
98
96
104
98
98
109
108
108
103
3
0
3
7
3
4
3
2
2
8
7
3
8
0
1
3
3
3
1
2
11
0
0
2
3
7
3
3
2
3
8
1
2
2
1
2
2
28
0
1
8
6
13
2
3
3
3
7
5
97
97
97
103
101
103
108
97
100
108
111
107
97
97
111
110
102
6
8
8
0
31
8
8
1
8
1
7
7
2
3
1
8
1
2
2
0
1
1
8
5
1
7
6
1
6
0
6
4
3
14
8
1
28
1
2
8
3
6
97
103
101
110
111
111
96
103
109
111
110
107
126
123
104
123
107
104
123
125
97
108
120
110
103
123
121
122
121
98
127
108
103
103
105
97
122
107
97
98
125
124
96
96
123
125
104
107
103
125
124
124
108
104
126
99
105
98
97
106
105
122
102
110
111
97
120
107
126
104
98
127
102
127
118
108
104
96
108
126
99
120
105
127
96
126
122
106
105
125
123
106
111
120
123
121
122
102
124
124
96
124
110
127
125
96
126
110
96
106
121
101
119
124
109
99
105
96
124
107
107
105
121
96
119
126
106
104
97
111
127
104
110
108
124
119
124
102
111
106
96
101
124
126
125
126
127
105
104
124
101
101
97
105
96
127
107
97
102
122
109
99
98
106
106
109
125
122
96
126
123
109
96
120
102
104
108
100
107
106
110
123
127
122
110
124
109
107
119
96
107
98
119
121
110
125
102
123
122
107
96
103
123
121
127
108
104
123
104
125
120
109
100
120
101
127
126
125
121
120
98
108
107
120
122
96
126
98
111
118
105
123
123
120
123
123
122
123
123
123
104
121
122
122
102
123
120
99
101
97
121
122
102
121
120
121
118
121
102
101
96
101
106
108
110
122
104
122
122
120
124
99
124
101
108
98
126
121
96
102
121
103
108
125
120
124
127
109
122
124
124
110
125
111
120
119
121
126
104
127
125
101
107
123
122
127
127
106
98
110
111
121
125
108
106
101
96
127
99
122
120
98
125
107
126
101
105
121
106
104
109
99
110
123
124
111
127
120
107
101
121
126
120
102
123
110
127
97
111
109
123
105
127
106
121
126
105
123
104
110
106
111
124
119
122
101
124
105
126
109
103
101
122
122
101
108
99
97
105
120
101
127
101
111
108
98
120
126
103
111
101
121
122
98
102
97
105
121
97
124
106
107
126
123
123
107
110
98
121
119
111
103
125
105
104
109
108
127
108
111
106
109
121
111
125
119
127
106
98
101
101
101
122
126
118
110
99
100
120
127
104
126
106
119
123
126
104
107
110
101
109
125
109
104
109
126
99
101
102
96
127
98
111
100
127
122
102
110
108
106
109
122
105
98
99
118
118
108
120
120
107
102
105
111
96
99
107
124
105
122
102
105
103
109
119
125
99
111
105
98
106
105
99
104
105
124
106
106
119
107
119
103
120
96
98
111
109
124
120
122
126
120
126
124
120
104
102
124
121
110
111
98
107
121
96
96
110
104
123
118
111
102
108
102
102
127
103
109
108
108
102
103
110
97
126
104
119
109
99
107
96
100
110
100
110
109
103
125
125
98
124
109
107
109
109
121
124
106
110
108
105
126
122
106
121
100
105
104
103
125
101
125
106
107
125
124
110
126
125
109
111
101
111
121
125
103
96
107
103
108
126
99
106
101
103
102
123
97
103
105
100
105
105
99
109
123
107
108
110
105
107
119
98
106
103
98
105
121
123
127
102
109
101
103
99
98
118
106
104
98
102
108
109
99
106
110
125
96
121
124
125
96
120
105
126
106
127
103
108
111
103
122
127
102
102
107
103
97
102
108
127
120
99
110
122
104
110
111
107
125
96
102
127
102
126
102
127
104
100
121
111
120
120
7
5
28
5
5
0
31
27
14
9
31
31
27
28
2
8
31
6
12
24
31
27
26
31
26
24
11
10
13
5
11
24
31
7
10
27
31
30
25
27
11
12
4
24
10
31
6
7
9
6
24
4
24
9
31
7
2
12
12
15
10
2
29
12
24
29
13
28
9
6
30
14
30
27
31
6
6
31
24
31
28
10
13
13
30
25
6
5
11
15
28
25
4
12
14
28
15
10
14
10
28
24
30
26
12
12
28
15
15
13
31
10
14
5
10
8
25
11
14
7
29
14
12
6
26
25
8
13
4
15
11
25
13
25
10
15
27
9
28
31
11
26
26
15
15
25
28
25
12
10
7
14
26
27
11
15
27
25
15
14
13
11
25
25
25
15
14
14
9
5
12
4
24
11
12
24
15
27
24
31
27
7
27
9
9
25
27
28
29
13
24
24
1
28
15
25
5
10
4
11
12
6
26
6
25
14
12
31
28
4
11
29
6
5
14
4
13
13
4
14
26
11
4
15
7
7
4
26
25
11
26
24
2
9
10
7
25
13
27
11
5
7
15
27
24
0
27
1
15
29
4
10
14
2
27
9
11
26
4
6
5
12
5
7
14
11
24
12
4
27
24
11
4
12
5
4
6
9
8
27
10
1
2
8
12
13
13
5
15
6
26
24
28
25
5
29
28
4
9
13
15
10
12
15
24
9
14
27
25
4
31
8
29
11
12
13
11
13
24
26
15
25
25
5
15
30
4
4
15
14
25
25
9
26
14
4
26
14
27
14
13
10
26
7
11
9
29
12
7
24
6
29
25
24
10
24
4
14
9
15
9
24
27
14
7
5
8
28
26
12
27
5
29
10
14
10
15
26
7
12
7
30
28
7
26
25
26
12
11
29
12
25
10
26
5
4
10
27
27
6
12
13
11
29
15
13
6
4
24
10
15
10
7
5
27
12
28
8
9
29
27
25
14
29
9
4
9
24
10
15
24
15
6
12
11
29
5
29
5
0
13
15
1
25
15
5
9
28
26
6
11
24
27
10
7
8
5
27
11
9
26
13
13
9
9
11
9
10
5
26
13
14
13
24
10
9
28
4
28
6
25
2
12
9
13
10
27
12
13
24
28
10
31
11
27
9
9
12
28
11
8
15
13
11
7
13
12
11
5
9
4
14
26
13
25
9
31
26
29
0
10
14
31
31
25
9
8
26
31
28
5
14
30
5
27
30
14
31
29
6
7
8
13
26
31
31
31
37
35
58
46
42
33
58
59
59
37
37
38
47
35
47
46
34
41
41
42
35
39
40
42
44
42
37
41
42
46
39
47
58
42
39
44
32
45
34
37
34
47
43
36
39
40
38
45
59
37
37
40
42
33
39
46
43
45
34
39
33
47
40
43
47
40
42
43
38
35
38
43
34
38
44
33
47
37
34
41
46
39
38
42
33
59
43
37
41
41
58
45
58
33
58
39
39
32
38
59
32
32
59
33
34
46
42
43
38
40
39
35
34
36
43
32
33
58
41
40
47
44
40
39
35
39
39
38
44
59
34
42
42
41
59
45
47
32
46
40
40
34
58
38
47
47
46
41
42
42
35
38
38
58
47
46
32
39
41
34
41
46
35
43
36
37
41
43
41
59
36
38
58
46
42
47
44
42
38
46
32
35
34
38
45
38
40
47
41
41
35
47
34
34
45
44
34
45
36
58
35
32
32
34
59
46
45
45
46
36
42
34
38
43
39
33
44
45
45
59
40
39
58
36
47
38
38
33
33
43
35
37
47
34
45
37
47
35
34
44
38
34
39
46
40
39
44
47
46
40
37
46
40
46
35
35
40
43
44
46
43
58
42
58
46
45
38
38
43
33
37
46
36
38
42
58
46
33
58
35
58
35
45
47
44
44
42
46
43
39
44
41
44
37
42
39
41
41
33
45
43
41
46
43
58
32
47
44
32
45
43
35
36
43
41
45
41
35
41
44
37
44
38
45
47
40
40
34
37
47
35
38
115
46
43
38
32
59
44
32
45
41
58
58
34
59
46
47
36
41
58
35
43
40
43
38
41
40
47
35
42
36
38
40
43
46
44
44
39
33
47
37
36
41
35
39
35
32
35
33
47
39
47
44
41
47
58
38
42
38
46
59
34
115
41
46
58
40
40
58
36
58
45
46
43
44
34
42
43
34
39
115
45
32
37
43
39
58
41
59
33
40
34
34
44
40
45
39
40
33
59
41
46
34
40
44
34
58
38
45
42
32
58
44
34
45
46
58
44
40
33
39
43
39
36
39
43
35
45
35
35
47
42
38
59
39
41
42
36
42
43
40
58
32
40
35
32
33
43
42
44
43
39
45
59
45
44
39
45
36
40
34
37
42
41
47
44
40
35
45
32
48
48
48
48
49
48
48
49
49
49
48
49
48
49
49
48
48
48
48
49
49
48
49
48
49
49
48
48
48
48
49
49
48
49
48
48
48
49
48
48
48
48
49
48
49
49
49
48
49
48
53
48
48
49
49
