37
32
104
46
37
42
107
36
109
41
42
39
95
43
104
33
43
105
36
107
104
34
45
109
32
46
44
33
105
35
41
40
105
36
218
108
34
34
42
44
40
104
36
33
104
39
108
45
32
106
35
40
106
47
33
42
41
47
155
43
42
109
44
43
38
43
45
42
108
39
106
106
44
33
36
41
36
37
37
46
32
155
43
40
40
46
108
36
32
107
39
109
32
105
32
107
44
106
42
108
33
32
108
43
40
46
35
157
34
42
109
105
107
45
33
105
104
42
43
33
5
39
42
44
106
0
33
34
41
36
47
108
40
44
35
34
0
104
107
34
104
44
45
108
105
39
47
107
46
105
38
105
37
47
107
106
42
106
45
34
35
36
104
47
33
44
45
105
41
40
46
155
43
218
107
108
46
108
39
39
32
37
106
44
34
46
41
32
46
38
109
47
106
109
32
37
47
34
111
41
44
109
45
35
47
106
39
45
33
59
35
43
40
47
104
33
105
38
37
107
105
39
35
46
44
108
104
108
36
40
106
41
44
37
46
42
39
109
35
44
35
106
32
105
59
109
36
5
42
47
35
34
43
106
47
106
37
40
41
109
36
43
105
108
109
40
32
109
43
155
35
41
46
37
41
37
44
45
108
37
33
36
59
46
34
42
39
39
47
107
46
41
33
107
37
40
108
46
47
32
34
45
32
39
45
104
37
106
45
34
105
35
104
43
43
40
35
47
44
107
34
108
45
33
45
35
104
107
37
45
47
41
42
104
40
95
42
105
35
36
39
41
43
104
40
39
32
36
221
208
215
248
61
155
155
155
155
226
155
187
138
217
212
139
212
216
186
187
138
142
217
215
138
187
219
187
185
174
174
174
218
208
165
161
170
146
144
173
167
173
155
185
128
189
144
148
163
148
163
211
211
184
134
133
168
170
136
136
131
242
180
17
141
161
145
158
186
188
141
169
136
157
157
184
172
157
142
171
171
176
178
171
131
146
189
179
147
136
183
130
181
148
162
165
172
143
143
153
184
173
177
176
143
190
211
171
145
169
134
159
175
166
187
178
147
162
161
166
137
134
170
175
176
242
160
167
243
161
175
190
165
129
158
141
141
146
175
185
149
128
150
177
134
174
202
160
139
178
185
215
181
160
162
131
181
164
181
165
142
202
134
189
149
149
131
141
148
242
181
144
161
139
164
139
136
129
137
177
176
148
160
148
164
147
149
142
158
180
211
176
142
158
141
176
154
150
174
174
211
134
188
177
168
165
188
183
180
189
178
202
183
140
190
154
137
162
186
171
167
152
129
144
143
243
242
177
175
137
190
167
174
185
149
175
242
170
164
162
170
169
166
149
179
99
171
179
140
148
128
186
157
166
142
152
173
150
132
179
187
131
130
162
152
175
142
166
143
178
143
146
175
182
145
173
176
178
243
180
184
168
145
150
17
167
165
139
153
136
180
137
157
187
134
136
164
133
141
136
191
143
182
242
181
176
177
178
171
154
152
129
145
149
132
162
159
187
129
131
161
133
17
182
173
144
180
179
166
147
165
242
164
149
159
148
150
134
189
130
189
147
160
141
149
143
149
140
186
17
188
177
141
169
173
211
162
99
99
167
147
157
155
176
179
132
180
164
17
165
173
219
188
166
180
185
129
150
245
169
135
147
175
168
133
169
184
178
135
147
148
189
148
190
137
165
180
177
133
170
149
152
184
183
158
139
189
183
211
143
139
181
144
133
159
181
140
166
141
168
171
153
164
143
181
159
134
134
140
146
132
152
184
184
139
154
166
176
185
153
183
171
180
161
178
144
175
170
180
179
161
185
175
160
181
242
163
172
185
153
160
130
181
144
189
153
145
183
130
149
186
173
136
99
152
153
133
140
135
135
157
211
142
165
137
166
179
187
167
99
190
163
177
176
188
163
187
129
144
202
177
173
167
131
180
128
148
159
143
173
188
170
185
135
146
17
173
167
152
166
170
153
148
157
151
154
129
130
134
129
132
202
245
136
170
163
143
146
185
182
134
162
166
156
168
140
187
141
145
190
139
164
132
179
150
152
142
202
149
145
185
174
175
188
174
186
178
169
190
183
164
144
158
167
211
99
167
190
202
158
146
157
211
136
186
129
174
131
243
168
172
188
181
189
130
137
159
160
183
159
165
152
189
9
150
139
172
177
129
146
179
211
175
132
154
243
188
132
131
180
178
141
149
190
154
185
137
169
217
146
167
173
145
171
179
182
99
162
176
131
169
169
133
243
157
179
170
129
142
144
157
161
163
168
17
129
153
202
140
153
182
140
135
133
189
154
202
139
131
157
135
173
241
141
133
147
135
150
136
179
137
185
158
189
162
128
172
184
164
17
154
129
190
147
128
140
158
190
151
153
162
17
158
163
188
145
172
167
141
99
140
132
184
142
160
9
164
147
130
151
170
165
182
158
164
166
147
190
161
132
160
162
153
181
132
146
137
191
128
172
184
182
130
134
186
176
183
141
128
160
17
128
131
145
187
146
136
134
150
152
17
150
178
184
202
149
164
173
211
169
135
133
133
164
166
161
168
161
180
242
154
190
150
187
182
164
172
169
142
183
128
128
189
160
243
163
182
140
186
168
99
130
176
146
158
177
137
17
154
188
177
187
202
182
145
157
147
163
160
179
132
159
17
133
145
140
17
181
165
185
245
188
186
191
136
144
133
135
155
202
180
169
145
169
134
144
178
142
211
143
215
152
132
132
150
13
144
174
150
141
17
140
133
241
142
160
181
183
191
170
172
147
131
183
128
180
177
187
152
168
187
174
139
135
172
178
184
135
171
131
182
202
166
157
128
242
175
245
139
189
163
167
161
186
185
183
159
179
142
130
184
159
183
163
215
186
158
153
139
161
170
162
184
181
172
148
128
186
140
243
99
169
136
128
137
172
190
135
184
175
145
128
202
144
211
163
152
135
130
171
17
191
177
99
159
182
140
170
146
158
182
171
145
137
135
168
188
174
157
143
131
150
183
159
172
155
152
175
165
130
202
163
202
161
179
168
188
169
159
159
189
99
139
137
167
153
167
158
147
165
143
159
153
144
150
129
178
186
171
132
160
162
168
133
135
163
137
172
186
163
161
165
182
131
132
152
162
149
190
173
171
171
172
176
211
143
166
134
191
147
160
178
158
177
168
154
136
188
153
10
54
20
18
63
8
62
60
61
63
63
38
60
62
0
62
62
63
62
3
18
5
9
18
11
18
20
54
19
18
62
9
18
9
19
9
18
13
54
62
63
18
5
5
19
0
3
28
19
0
60
13
13
0
28
8
0
5
54
63
19
9
30
18
16
11
62
60
62
8
0
62
0
8
62
7
0
62
13
13
0
28
19
0
63
19
9
5
11
18
13
28
62
30
28
10
63
8
19
8
5
0
63
62
5
63
18
54
60
155
155
218
218
215
109
111
111
111
111
111
111
109
215
218
214
216
219
218
223
151
216
212
216
210
212
98
213
223
208
210
213
138
213
209
151
191
221
223
223
219
151
218
138
221
151
208
191
138
217
191
210
219
212
209
217
221
138
216
209
215
221
219
209
214
221
218
214
210
151
214
217
219
209
213
98
208
223
215
212
218
214
217
212
213
215
219
210
221
217
212
209
212
221
213
210
98
222
210
209
216
212
219
221
109
213
209
223
215
223
210
138
209
216
210
218
221
221
223
216
138
218
210
216
223
215
209
209
219
215
210
223
217
217
216
98
98
214
213
214
210
215
214
221
221
138
191
214
219
223
217
214
215
223
212
209
209
208
217
210
223
223
216
212
217
218
212
138
214
138
213
218
221
216
221
213
215
151
209
208
191
209
213
214
213
212
213
216
216
98
222
223
218
212
223
219
210
216
213
217
214
214
216
138
208
213
214
212
219
221
138
111
191
208
208
138
98
217
208
96
191
208
98
208
208
210
210
191
191
219
96
98
209
96
97
96
97
110
110
97
99
110
110
96
151
98
97
96
102
110
97
97
111
110
151
98
96
151
151
97
96
99
111
96
96
98
97
219
130
97
151
97
96
110
111
130
111
97
110
97
151
130
110
99
110
98
111
96
111
97
97
96
96
110
110
208
110
111
219
96
111
102
217
110
208
96
151
110
97
98
110
98
97
98
214
65
81
90
90
79
90
103
102
102
102
112
114
116
121
115
116
115
112
115
112
119
114
122
120
119
114
121
113
114
113
113
120
118
114
115
115
120
112
121
119
120
123
117
116
117
112
115
116
119
121
112
116
116
122
117
115
121
120
112
118
120
116
119
113
123
113
120
120
112
119
120
113
123
119
113
119
115
122
114
117
116
119
117
116
119
118
119
113
113
114
115
120
121
118
113
121
118
115
118
119
123
114
112
114
114
117
120
117
115
112
120
117
120
121
118
121
116
117
119
119
121
117
123
119
118
118
121
113
122
116
121
113
117
117
115
118
112
120
118
112
120
117
121
116
113
114
121
113
116
122
115
117
116
112
114
123
118
120
112
114
117
112
114
121
114
123
119
118
112
113
116
115
114
117
121
118
123
115
115
123
122
118
91
127
125
122
122
91
122
91
91
127
125
91
118
127
127
125
125
123
91
122
123
122
127
113
127
122
123
91
125
122
125
122
122
122
123
91
127
127
82
95
83
81
90
80
82
83
80
81
89
83
83
83
81
82
89
89
83
241
241
241
242
154
237
225
241
255
241
241
241
247
241
241
229
154
80
82
80
81
69
82
80
82
81
90
82
92
81
85
82
83
79
154
242
156
232
156
246
156
156
156
253
236
236
253
253
156
193
255
253
255
228
253
242
242
224
234
253
252
229
227
230
226
54
18
13
11
28
54
28
16
0
18
20
5
30
19
13
30
5
30
13
18
31
7
5
16
54
3
54
7
18
27
30
13
11
11
3
30
5
20
3
18
13
9
16
54
5
11
28
7
53
240
232
241
243
238
236
227
232
232
230
244
239
241
242
233
231
250
9
13
28
20
61
11
3
3
11
30
20
7
54
54
19
9
19
5
5
3
3
19
9
59
7
7
14
3
13
8
14
3
54
16
3
9
9
3
10
59
54
13
240
226
244
233
228
228
240
230
225
254
233
236
199
249
224
204
235
234
193
194
245
230
192
246
255
249
200
193
200
156
197
230
251
255
239
240
222
235
195
236
222
192
254
254
205
194
232
227
255
194
193
192
227
232
199
253
203
252
242
251
239
204
250
230
228
245
248
253
199
234
252
195
250
196
222
227
226
247
156
200
236
201
228
207
251
199
249
251
224
200
205
234
228
192
222
206
222
250
247
192
235
192
231
196
254
232
198
233
247
235
206
246
220
201
230
253
234
203
207
238
235
233
195
233
220
198
233
232
195
233
196
234
230
227
200
220
205
250
203
237
238
238
192
198
238
197
196
229
232
204
251
246
232
229
254
196
156
245
251
205
233
252
236
237
248
230
252
207
247
197
192
225
247
249
250
226
156
224
226
229
233
201
199
207
248
197
239
235
220
247
203
253
220
206
248
200
251
204
201
235
254
226
204
195
207
225
229
205
226
194
201
225
237
201
245
193
198
254
195
192
237
230
240
200
249
247
199
253
248
222
239
204
201
207
205
249
201
207
204
204
239
193
249
204
250
207
201
224
238
237
193
206
251
201
201
195
222
193
226
244
254
244
240
227
233
207
224
207
200
197
234
255
192
244
255
236
198
195
247
226
193
243
229
194
249
198
197
229
193
249
200
231
194
244
207
220
206
199
248
196
194
244
238
204
207
200
195
228
254
203
248
195
193
227
240
238
240
201
236
197
248
236
194
239
197
238
239
195
254
248
240
237
231
222
192
253
196
205
240
238
193
198
249
250
205
203
197
195
240
225
222
244
196
235
201
198
239
193
232
233
251
228
206
220
249
246
192
244
198
227
241
238
204
156
244
232
252
236
248
249
238
201
246
235
230
252
205
197
241
231
245
195
193
253
226
228
228
195
245
193
235
233
199
207
204
235
231
252
206
220
228
254
207
239
250
225
203
196
237
228
201
236
196
203
238
220
196
237
227
245
246
245
200
198
222
231
253
234
207
196
234
199
224
220
204
199
226
230
231
246
229
205
239
239
233
199
252
238
251
240
196
237
228
244
205
196
251
231
227
248
225
193
224
252
252
222
222
227
246
192
225
250
239
255
247
236
238
200
228
204
250
224
203
230
220
205
224
246
248
252
248
239
156
234
239
197
247
234
220
240
220
255
206
247
252
224
225
249
198
200
199
249
197
205
192
244
226
197
206
231
228
252
232
200
254
254
231
226
249
220
224
226
229
250
251
206
237
240
225
227
250
243
248
245
198
248
220
229
156
240
254
232
203
234
229
225
255
194
205
252
192
225
244
231
254
206
206
233
246
227
224
199
200
240
198
234
229
234
243
194
244
194
251
235
194
192
231
197
194
228
239
245
203
206
194
237
247
235
203
227
198
236
234
245
255
246
204
232
255
224
232
231
224
156
230
204
235
225
203
244
236
220
253
235
250
253
244
195
207
206
251
229
238
250
254
252
222
233
234
154
246
225
229
236
237
230
194
247
206
205
198
247
197
203
199
251
197
255
227
230
243
249
196
246
250
225
243
245
243
237
196
222
255
231
195
237
203
224
229
194
247
246
205
246
199
251
199
226
237
201
231
206
200
3
21
14
19
59
8
60
48
25
24
60
61
48
14
56
29
60
63
28
6
61
48
53
61
55
50
24
57
24
53
31
50
61
8
27
49
61
62
50
49
31
2
21
6
26
38
11
20
2
21
55
10
55
4
38
7
7
22
27
15
16
11
56
16
55
56
25
58
4
63
63
31
60
48
60
62
61
60
50
61
58
57
31
25
60
51
38
59
31
25
58
51
21
26
26
58
15
1
26
29
9
55
38
51
16
2
16
26
22
23
38
27
4
57
57
1
50
24
26
8
56
59
22
12
51
50
12
1
10
15
22
51
31
48
2
24
49
19
20
63
27
50
52
25
29
49
58
48
23
31
8
1
52
6
30
1
52
50
16
23
4
2
50
6
22
12
24
24
2
53
22
10
48
15
23
50
25
48
6
61
48
8
48
4
23
19
49
58
56
12
48
54
7
49
31
50
59
4
10
29
29
60
52
12
48
25
27
61
58
10
31
56
11
14
31
10
59
4
21
15
52
15
21
15
8
8
14
53
51
15
50
6
10
22
2
7
6
4
49
27
59
20
22
49
55
0
49
7
29
24
21
4
25
0
6
23
12
53
21
12
14
12
53
20
12
30
55
28
7
49
55
2
21
26
21
21
38
1
1
49
57
3
11
28
16
29
1
14
2
13
51
55
49
51
53
56
58
6
23
30
22
30
26
15
55
27
22
6
51
21
38
30
56
12
28
23
25
25
55
50
31
49
6
53
29
60
10
10
25
26
51
50
24
52
15
7
22
22
58
15
25
2
53
7
22
23
57
30
11
6
14
24
51
55
15
52
21
15
26
27
24
6
48
28
8
14
27
58
52
27
48
59
56
2
24
15
25
53
20
29
11
38
58
20
52
51
52
26
57
56
26
51
1
52
59
21
2
48
58
57
23
23
22
24
19
15
57
10
6
57
29
2
20
53
49
26
57
26
29
56
49
51
27
56
1
14
23
55
1
23
55
25
21
27
31
56
57
56
57
3
28
4
7
6
24
14
24
57
53
14
29
55
49
16
8
29
53
58
2
25
52
22
27
59
27
29
23
31
14
52
23
2
28
55
16
25
58
10
20
59
50
11
26
31
4
2
50
29
1
4
58
57
38
12
48
4
24
26
57
12
54
12
1
12
20
27
16
4
14
1
10
4
52
23
51
1
61
53
56
16
12
31
38
38
51
4
1
52
61
58
59
30
63
14
6
63
15
60
56
21
20
12
29
52
60
61
61
83
94
126
74
70
79
65
126
127
83
82
88
73
85
94
72
92
86
69
70
95
85
64
68
76
68
83
67
68
75
84
72
124
68
84
76
89
78
92
80
92
72
70
90
85
64
85
73
126
79
81
66
66
81
88
74
71
78
93
85
90
72
86
70
78
64
68
90
82
94
87
71
92
87
76
80
75
89
92
67
75
84
93
68
90
126
71
83
69
67
125
79
124
70
124
88
84
80
84
126
81
95
126
90
80
72
68
71
93
66
85
65
92
82
69
89
90
124
67
64
77
76
64
84
93
89
85
87
76
127
92
70
66
86
126
78
75
89
74
64
64
92
124
87
75
72
74
69
67
69
85
83
87
125
72
73
89
84
69
92
69
74
94
71
95
91
66
71
67
126
80
93
65
72
69
66
77
68
93
74
89
94
92
93
125
93
86
72
67
66
94
66
92
89
73
77
87
78
82
124
85
89
81
91
126
73
79
73
75
80
68
93
88
67
84
69
76
73
69
127
71
93
126
82
72
88
87
81
82
70
65
83
73
92
78
95
75
94
93
76
84
84
85
64
64
88
76
91
74
86
83
74
64
74
94
94
65
86
77
75
70
124
68
125
72
77
88
88
88
79
80
74
81
87
68
124
74
79
124
94
125
95
78
77
77
77
70
72
70
84
76
86
76
65
68
87
66
67
88
78
71
67
72
67
126
89
75
76
81
78
71
73
81
70
67
78
86
85
67
75
79
77
88
78
66
86
86
90
73
77
94
84
73
75
71
87
80
127
77
80
78
86
126
126
93
126
74
66
90
67
124
91
71
64
70
88
69
65
75
87
68
81
93
86
71
74
76
76
85
90
72
79
80
71
94
84
95
89
94
79
72
84
93
95
64
77
124
87
65
87
74
126
93
75
67
74
124
66
65
65
82
124
79
75
71
77
91
67
66
92
87
73
79
89
83
65
85
124
69
127
70
65
91
92
76
64
78
84
66
79
127
64
72
91
66
69
93
124
88
65
68
73
124
77
92
78
74
125
77
64
90
88
71
83
82
88
66
94
78
95
77
75
70
87
127
84
69
69
65
68
70
86
126
73
86
94
88
79
70
125
76
71
85
78
127
125
95
85
125
95
86
91
90
68
86
95
76
64
73
65
89
100
100
103
101
102
100
103
100
101
102
103
102
100
102
103
100
100
101
103
103
102
100
102
101
102
101
101
100
101
103
102
100
101
101
103
100
100
102
100
101
100
103
101
100
102
103
103
100
103
103
103
101
101
103
102
